,Close,High,Low,Open
2018-01-02,17.6714,17.6714,16.2143,16.2143
2018-01-03,17.5786,17.8857,17.378598999999998,17.492901
2018-01-04,18.871401,19.1429,17.8643,17.8643
2018-01-05,19.092899,19.371401,18.3571,18.592899
2018-01-08,19.092899,19.371401,18.3571,18.592899
2018-01-09,19.6714,20.6786,19.257099,19.8857
2018-01-10,18.950001,20.1071,18.6429,20.064301
2018-01-11,18.9,19.164301,18.721399,19.1429
2018-01-12,19.242901,19.814301,18.8571,18.992901
2018-01-15,18.507099,19.4286,0,19.4286
2018-01-16,18.757099,19.4286,18.450001,18.4571
2018-01-17,17.764298999999994,18.8571,17.585698999999998,18.8571
2018-01-18,18.842899,18.985701,17.8071,17.9786
2018-01-19,18.878599,19.3571,18.492901,18.842899
2018-01-22,19.485701,19.507099,18.621401,18.9214
2018-01-23,18.8929,19.7857,18.2143,19.75
2018-01-24,18.907101,18.9786,18.435699,18.9286
2018-01-25,19.2286,19.7714,18.985701,19.0
2018-01-26,19.3643,19.764299,18.9286,19.1071
2018-01-29,20.735701,20.7857,19.221399,19.3571
2018-01-30,20.5214,21.0357,19.935699,20.5571
2018-01-31,19.778601,20.15,19.5429,

